economy: 0.7136627435684204
policy: 0.7645158767700195
shares: 0.4134381413459778
technology: 0.6105780601501465
market: 0.5372313261032104
