economy: 0.7135533094406128
policy: 0.7645361423492432
shares: 0.41356828808784485
technology: 0.6112353205680847
market: 0.5376911163330078
